# Camera list with one line of data per camera:
#   CAMERA_ID, MODEL, WIDTH, HEIGHT, PARAMS[]
# Number of cameras: 52
1 SIMPLE_RADIAL 1936 1296 2466.67 968 648 -0.03168
2 SIMPLE_RADIAL 1936 1296 2438.9 968 648 -0.0354363
3 SIMPLE_RADIAL 1936 1296 2441.4 968 648 -0.0309856
4 SIMPLE_RADIAL 1936 1296 2428.14 968 648 -0.041606
5 SIMPLE_RADIAL 1936 1296 2435.27 968 648 -0.0318436
6 SIMPLE_RADIAL 1936 1296 2450.25 968 648 -0.0349748
7 SIMPLE_RADIAL 1936 1296 2446.42 968 648 -0.0244622
8 SIMPLE_RADIAL 1936 1296 2446.39 968 648 -0.0356666
9 SIMPLE_RADIAL 1936 1296 2447.26 968 648 -0.0331233
10 SIMPLE_RADIAL 1936 1296 2442.79 968 648 -0.0305807
11 SIMPLE_RADIAL 1936 1296 2435.38 968 648 -0.0376555
12 SIMPLE_RADIAL 1936 1296 2430.84 968 648 -0.0394482
13 SIMPLE_RADIAL 1936 1296 2433.84 968 648 -0.036328
14 SIMPLE_RADIAL 1936 1296 2435.26 968 648 -0.0236748
15 SIMPLE_RADIAL 1936 1296 2432.84 968 648 -0.0352831
16 SIMPLE_RADIAL 1936 1296 2444.92 968 648 -0.0344542
17 SIMPLE_RADIAL 1936 1296 2444.23 968 648 -0.0319685
18 SIMPLE_RADIAL 1936 1296 2428.92 968 648 -0.0408046
19 SIMPLE_RADIAL 1936 1296 2432.01 968 648 -0.0348665
20 SIMPLE_RADIAL 1936 1296 2449.03 968 648 -0.0254028
21 SIMPLE_RADIAL 1936 1296 2427.5 968 648 -0.0368592
22 SIMPLE_RADIAL 1936 1296 2439.64 968 648 -0.0347302
23 SIMPLE_RADIAL 1936 1296 2440.1 968 648 -0.032323
24 SIMPLE_RADIAL 1936 1296 2427.28 968 648 -0.042449
25 SIMPLE_RADIAL 1936 1296 2427.76 968 648 -0.0336215
26 SIMPLE_RADIAL 1936 1296 2424.5 968 648 -0.0408774
27 SIMPLE_RADIAL 1936 1296 2440.35 968 648 -0.032232
28 SIMPLE_RADIAL 1936 1296 2441.41 968 648 -0.0296676
29 SIMPLE_RADIAL 1936 1296 2431.09 968 648 -0.03353
30 SIMPLE_RADIAL 1936 1296 2429.35 968 648 -0.0391409
31 SIMPLE_RADIAL 1936 1296 2438.75 968 648 -0.0329722
32 SIMPLE_RADIAL 1936 1296 2440.3 968 648 -0.0305072
33 SIMPLE_RADIAL 1936 1296 2429.82 968 648 -0.0362544
34 SIMPLE_RADIAL 1936 1296 2420.73 968 648 -0.0421819
35 SIMPLE_RADIAL 1936 1296 2433.61 968 648 -0.0339566
36 SIMPLE_RADIAL 1936 1296 2437.51 968 648 -0.0301308
37 SIMPLE_RADIAL 1936 1296 2426.4 968 648 -0.0400381
38 SIMPLE_RADIAL 1936 1296 2439.02 968 648 -0.0260018
39 SIMPLE_RADIAL 1936 1296 2426.75 968 648 -0.0395343
40 SIMPLE_RADIAL 1936 1296 2428.1 968 648 -0.0411244
41 SIMPLE_RADIAL 1936 1296 2440.05 968 648 -0.0287068
42 SIMPLE_RADIAL 1936 1296 2435.34 968 648 -0.0368569
43 SIMPLE_RADIAL 1936 1296 2423.41 968 648 -0.042589
44 SIMPLE_RADIAL 1936 1296 2435.38 968 648 -0.0283062
45 SIMPLE_RADIAL 1936 1296 2437.23 968 648 -0.0313223
46 SIMPLE_RADIAL 1936 1296 2428.11 968 648 -0.0402963
47 SIMPLE_RADIAL 1936 1296 2434.05 968 648 -0.0391863
48 SIMPLE_RADIAL 1936 1296 2432.95 968 648 -0.0274262
49 SIMPLE_RADIAL 1936 1296 2430.93 968 648 -0.0339693
50 SIMPLE_RADIAL 1936 1296 2427.05 968 648 -0.0407612
51 SIMPLE_RADIAL 1936 1296 2435.5 968 648 -0.0339659
52 SIMPLE_RADIAL 1936 1296 2430.06 968 648 -0.0381881
